version https://git-lfs.github.com/spec/v1
oid sha256:1358752c553771f32f64bb4ce757e828238b415f5f7eaae41efae81e07e048b8
size 25381
